0,303567,3584,w,0.000000
1,55590,3072,w,0.000000
0,303574,3584,w,0.026214
1,240840,3072,w,0.026214
1,55596,3072,r,0.078643
0,303581,3584,w,0.117964
1,55596,3072,w,0.117964
0,303588,3584,w,0.530841
1,55596,3072,w,0.530841
0,303595,3584,w,0.550502
1,240840,3072,w,0.550502
1,55602,3072,r,0.602931
0,303602,3584,w,0.648806
1,55602,3072,w,0.648806
0,303609,3584,w,0.910950
1,55602,3072,w,0.910950
0,303616,3584,w,0.930611
1,240840,3072,w,0.930611
1,55608,3072,r,0.983040
0,303623,3584,w,1.028915
1,55608,3072,w,1.028915
0,303630,3584,w,1.330380
1,55608,3072,w,1.330380
0,303637,3584,w,1.343487
1,240840,3072,w,1.343487
1,55614,3072,r,1.395916
0,303644,3584,w,1.441792
1,55614,3072,w,1.441792
0,303651,3584,w,1.723596
1,55614,3072,w,1.723596
0,303658,3584,w,1.736704
1,240840,3072,w,1.736704
0,303665,3584,w,1.769472
2,206064,3072,w,1.769472
3,817767,3072,w,1.769472
1,55620,3072,r,1.802240
0,303672,3584,w,1.808793
2,361644,3072,w,1.808793
3,973347,3072,w,1.808793
0,303679,3584,w,1.841561
1,55620,3072,w,1.841561
4,840815,12288,w,1.887436
2,18046,512,w,1.939865
3,287047,512,w,1.939865
5,140946,3072,w,1.946419
4,211167,3072,w,1.946419
2,878231,1024,w,1.946419
3,1002245,1024,w,1.946419
6,725318,512,w,1.946419
2,206064,3072,w,1.946419
3,817767,3072,w,1.946419
4,760114,512,w,1.946419
0,303686,12288,w,1.946419
4,840815,512,w,2.070937
0,303710,1536,w,2.116812
2,878231,1024,w,2.116812
3,1002245,1024,w,2.116812
1,269732,1024,w,2.175795
7,270734,1024,w,2.175795
1,269732,1024,r,2.215116
0,303713,3584,w,2.221670
1,55620,3072,w,2.221670
0,303720,1536,w,2.234777
2,878231,1024,w,2.234777
3,1002245,1024,w,2.234777
0,303723,3584,w,2.267545
1,240840,3072,w,2.267545
1,55638,3072,r,2.319974
8,146150,2560,w,2.326528
9,31682,2560,w,2.333081
1,269732,1024,w,2.346188
7,270734,1024,w,2.346188
8,450542,1024,w,2.346188
9,450542,1024,w,2.346188
0,303730,3584,w,2.365849
1,55638,3072,w,2.365849
8,146150,512,w,2.398617
9,31682,512,w,2.398617
0,303737,3584,w,2.778726
1,55638,3072,w,2.778726
0,303744,3584,w,2.804940
1,240840,3072,w,2.804940
1,55656,3072,r,2.844262
0,303751,3584,w,2.883584
1,55656,3072,w,2.883584
0,303758,3584,w,3.224371
1,55656,3072,w,3.224371
10,619165,512,r,3.224371
0,303765,3584,w,3.244031
1,240840,3072,w,3.244031
1,55662,3072,r,3.289907
0,303772,3584,w,3.329228
1,55662,3072,w,3.329228
10,618195,512,r,3.565158
0,303779,3584,w,3.781427
1,55662,3072,w,3.781427
0,303786,3584,w,3.801088
1,240840,3072,w,3.807641
1,55668,3072,r,3.853516
10,618773,512,r,3.866624
0,303793,3584,w,3.892838
1,55668,3072,w,3.892838
0,303800,3584,w,4.141875
1,55668,3072,w,4.141875
0,303807,3584,w,4.181196
1,240840,3072,w,4.187750
1,55674,3072,r,4.233625
0,303814,3584,w,4.272947
1,55674,3072,w,4.272947
10,618167,512,r,4.731699
0,303821,3584,w,4.744806
1,55674,3072,w,4.744806
10,618168,8192,r,4.757913
0,303828,3584,w,4.764467
1,240840,3072,w,4.764467
1,55692,3072,r,4.810342
0,303835,3584,w,4.849664
1,55692,3072,w,4.849664
10,617992,512,r,5.052825
0,303842,3584,w,5.151129
1,55692,3072,w,5.151129
0,303849,3584,w,5.170790
1,240840,3072,w,5.177343
1,55698,3072,r,5.223219
0,303856,3584,w,5.262540
1,55698,3072,w,5.262540
10,618113,512,r,5.380505
0,303863,3584,w,5.603328
1,55698,3072,w,5.603328
0,303870,3584,w,5.622988
1,240840,3072,w,5.622988
1,55704,3072,r,5.668864
10,617943,512,r,5.714739
0,303877,3584,w,5.714739
1,55704,3072,w,5.714739
0,303884,3584,w,5.839257
2,206070,3072,w,5.839257
3,817773,3072,w,5.839257
0,303891,3584,w,5.878579
2,361650,3072,w,5.878579
3,973353,3072,w,5.878579
4,841315,12288,w,5.970329
2,16601,512,w,6.009651
3,285602,512,w,6.009651
5,140952,3072,w,6.009651
4,211173,3072,w,6.009651
2,878233,1024,w,6.009651
3,1002247,1024,w,6.009651
6,725319,512,w,6.009651
2,206070,3072,w,6.016204
3,817773,3072,w,6.016204
4,760113,512,w,6.016204
0,303898,12288,w,6.022758
0,303922,3584,w,6.042419
1,55704,3072,w,6.042419
0,303929,3584,w,6.062079
1,240840,3072,w,6.062079
1,55710,3072,r,6.114508
4,841315,512,w,6.121062
0,303936,3584,w,6.166937
1,55710,3072,w,6.166937
0,303943,1536,w,6.186598
2,878233,1024,w,6.186598
3,1002247,1024,w,6.186598
1,269734,1024,w,6.245580
7,270736,1024,w,6.245580
1,269734,1024,r,6.271795
0,303946,1536,w,6.278348
2,878233,1024,w,6.278348
3,1002247,1024,w,6.278348
10,618773,512,r,6.284902
0,303949,3584,w,6.291456
2,206076,3072,w,6.291456
3,817779,3072,w,6.291456
0,303956,3584,w,6.356992
2,361650,3072,w,6.356992
5,40071,512,r,6.363545
3,973353,3072,w,6.363545
8,146350,2560,w,6.383206
9,31882,2560,w,6.383206
1,269734,1024,w,6.402867
7,270736,1024,w,6.402867
8,450544,1024,w,6.409420
9,450544,1024,w,6.409420
6,433573,1024,r,6.409420
8,146350,512,w,6.455296
9,31882,512,w,6.455296
4,84231,1024,r,6.455296
0,303963,3584,w,6.527385
1,55710,3072,w,6.527385
0,303970,3584,w,6.566707
1,240840,3072,w,6.566707
4,840315,12288,w,6.586368
1,55728,3072,r,6.606029
2,16601,512,w,6.651904
3,285602,512,w,6.651904
5,140958,3072,w,6.658457
4,211179,3072,w,6.658457
2,878235,1024,w,6.658457
3,1002249,1024,w,6.658457
6,725320,512,w,6.658457
2,206076,3072,w,6.658457
3,817779,3072,w,6.658457
4,760113,512,w,6.658457
0,303977,12288,w,6.658457
0,304001,3584,w,6.737100
1,55728,3072,w,6.737100
4,840315,512,w,6.782976
0,304008,1536,w,6.822297
2,878235,1024,w,6.822297
3,1002249,1024,w,6.822297
1,269736,1024,w,6.887833
7,270738,1024,w,6.887833
1,269736,1024,r,6.920601
0,304011,1536,w,6.920601
2,878235,1024,w,6.920601
3,1002249,1024,w,6.920601
10,619112,512,r,6.953369
0,304014,3584,w,7.012351
1,55728,3072,w,7.012351
8,146550,2560,w,7.032012
9,32082,2560,w,7.032012
0,304021,3584,w,7.051673
1,240840,3072,w,7.051673
1,269736,1024,w,7.051673
7,270738,1024,w,7.051673
8,450546,1024,w,7.051673
9,450546,1024,w,7.051673
1,55734,3072,r,7.104102
8,146550,512,w,7.117209
9,32082,512,w,7.117209
0,304028,3584,w,7.149977
1,55734,3072,w,7.149977
0,304035,3584,w,7.897088
1,55734,3072,w,7.897088
0,304042,3584,w,7.923302
1,240840,3072,w,7.923302
1,55740,3072,r,7.975731
0,304049,3584,w,8.015052
1,55740,3072,w,8.015052
0,304056,3584,w,8.395161
2,206082,3072,w,8.395161
3,817785,3072,w,8.395161
0,304063,3584,w,8.421376
1,55740,3072,w,8.421376
0,304070,3584,w,8.441037
1,240840,3072,w,8.441037
0,304077,3584,w,8.460697
2,361644,3072,w,8.460697
3,973347,3072,w,8.460697
1,55746,3072,r,8.486911
0,304084,3584,w,8.532787
1,55746,3072,w,8.532787
4,840815,12288,w,8.572109
2,20403,512,w,8.624537
3,289404,512,w,8.624537
5,140964,3072,w,8.624537
4,211185,3072,w,8.624537
2,878237,1024,w,8.624537
3,1002251,1024,w,8.624537
6,725321,512,w,8.631091
2,206082,3072,w,8.631091
3,817785,3072,w,8.631091
4,760114,512,w,8.631091
0,304091,12288,w,8.631091
10,619257,512,r,8.676966
10,619194,512,r,8.703181
10,624698,512,r,8.729394
4,840815,512,w,8.742502
10,625413,512,r,8.749055
10,624273,3072,r,8.775270
10,619592,3072,r,8.794931
0,304115,1536,w,8.801485
2,878237,1024,w,8.801485
3,1002251,1024,w,8.801485
0,304118,3584,w,8.834252
1,55746,3072,w,8.834252
0,304125,3584,w,8.860466
1,240840,3072,w,8.860466
1,269738,1024,w,8.860466
7,270740,1024,w,8.860466
10,624558,512,r,8.880127
1,269738,1024,r,8.899788
0,304132,1536,w,8.906342
2,878237,1024,w,8.906342
3,1002251,1024,w,8.906342
10,624862,512,r,8.912896
1,55752,3072,r,8.932557
10,770748,512,r,8.939110
10,447824,512,r,8.939110
0,304135,3584,w,8.991539
1,55752,3072,w,8.991539
8,146150,2560,w,9.043968
9,31682,2560,w,9.050521
1,269738,1024,w,9.070182
7,270740,1024,w,9.070182
8,450548,1024,w,9.070182
9,450548,1024,w,9.070182
8,146150,512,w,9.122611
9,31682,512,w,9.122611
6,386238,512,r,9.135718
5,43697,512,r,9.188147
4,758692,512,r,9.234022
0,304142,3584,w,9.247129
1,55752,3072,w,9.247129
6,444131,1024,r,9.266790
0,304149,3584,w,9.286451
1,240840,3072,w,9.286451
1,55758,3072,r,9.345433
10,107821,4096,r,9.384755
0,304156,3584,w,9.391308
1,55758,3072,w,9.391308
10,838506,6656,w,9.450291
10,107821,4096,w,9.509273
10,234342,2048,w,9.509273
11,205474,6656,w,9.509273
10,838506,512,w,9.614131
0,304163,3584,w,9.823846
1,55758,3072,w,9.823846
0,304170,3584,w,9.843506
1,240840,3072,w,9.843506
1,55764,3072,r,9.889382
0,304177,3584,w,9.935257
1,55764,3072,w,9.935257
10,107349,4096,r,9.961471
10,107349,4096,r,10.040115
6,252068,2048,r,10.066329
6,252072,2048,r,10.105650
10,838506,4608,w,10.131865
0,304184,3584,w,10.184294
1,55764,3072,w,10.184294
10,107349,4096,w,10.190848
11,205487,4608,w,10.190848
0,304191,3584,w,10.203955
1,240840,3072,w,10.203955
10,838506,512,w,10.262937
1,55770,3072,r,10.269491
0,304198,3584,w,10.302259
1,55770,3072,w,10.302259
0,304205,3584,w,10.649600
1,55770,3072,w,10.649600
0,304212,3584,w,10.662707
1,240840,3072,w,10.662707
1,55776,3072,r,10.715135
0,304219,3584,w,10.747903
1,55776,3072,w,10.747903
12,871567,512,r,11.186995
12,871568,1024,r,11.245977
12,871570,1024,r,11.265638
12,871573,1024,r,11.311513
0,304226,3584,w,11.331174
1,55776,3072,w,11.331174
0,304233,3584,w,11.344281
1,240840,3072,w,11.344281
12,871571,1024,r,11.357388
1,55782,3072,r,11.390156
12,871574,512,r,11.396710
12,871572,512,r,11.422925
0,304240,3584,w,11.429478
1,55782,3072,w,11.429478
12,871574,512,r,11.442585
12,871842,512,r,11.449139
12,871843,1024,r,11.475353
12,871845,512,r,11.488460
12,871846,512,r,11.508121
12,871844,512,r,11.527782
12,871845,1024,r,11.553997
12,871846,1024,r,11.580211
12,871845,512,r,11.593318
12,871842,1024,r,11.612978
12,871848,1024,r,11.645747
12,871849,512,r,11.658854
12,871849,512,r,11.678515
0,304247,3584,w,11.678515
1,55782,3072,w,11.678515
12,871849,512,r,11.691622
12,871847,1024,r,11.711283
0,304254,3584,w,11.711283
1,240840,3072,w,11.711283
12,871848,512,r,11.724390
12,871848,512,r,11.744051
12,871848,512,r,11.757158
1,55788,3072,r,11.770265
12,871849,1024,r,11.789926
0,304261,3584,w,11.809587
1,55788,3072,w,11.809587
12,871844,512,r,11.809587
12,871844,1024,r,11.835802
12,871845,512,r,11.855462
12,871843,512,r,11.875123
12,871850,512,r,11.907891
12,871572,1024,r,11.920998
12,871842,512,r,11.966873
12,871846,512,r,11.986534
12,871847,512,r,12.006195
12,871846,512,r,12.025856
12,871847,512,r,12.038963
12,871567,1024,r,12.058624
12,871569,512,r,12.084838
12,871568,512,r,12.104498
12,871569,1024,r,12.117606
12,871568,512,r,12.137267
0,304268,3584,w,12.150374
2,206088,3072,w,12.150374
3,817791,3072,w,12.150374
12,871570,512,r,12.156928
12,871850,512,r,12.183142
0,304275,3584,w,12.209357
2,361644,3072,w,12.209357
3,973347,3072,w,12.209357
10,618223,512,r,12.268339
12,871850,1024,r,12.288000
0,304282,3584,w,12.314214
1,55788,3072,w,12.314214
0,304289,3584,w,12.340428
1,240840,3072,w,12.340428
1,55794,3072,r,12.379750
0,304296,3584,w,12.425625
1,55794,3072,w,12.425625
4,841315,28160,w,12.432179
2,18055,512,w,12.523929
3,287056,512,w,12.523929
10,618435,512,r,12.523929
2,19826,512,w,12.523929
3,288827,512,w,12.523929
5,140970,3072,w,12.530483
4,211191,3072,w,12.530483
2,878239,1024,w,12.530483
3,1002253,1024,w,12.530483
13,591387,3072,w,12.530483
14,591387,3072,w,12.530483
1,55932,3072,w,12.530483
13,591393,3072,w,12.530483
14,591393,3072,w,12.530483
0,304303,28160,w,12.530483
10,618662,512,r,12.628787
1,55938,3072,w,12.635340
1,55944,3072,w,12.635340
2,206088,3072,w,12.641894
3,817791,3072,w,12.641894
4,760114,512,w,12.641894
4,841315,512,w,12.700877
0,304358,1536,w,12.740198
2,878239,1024,w,12.740198
3,1002253,1024,w,12.740198
1,269740,1024,w,12.799181
7,270742,1024,w,12.799181
1,269740,1024,r,12.845055
0,304361,1536,w,12.845055
2,878239,1024,w,12.845055
3,1002253,1024,w,12.845055
8,146350,2560,w,12.969574
9,31882,2560,w,12.969574
1,269740,1024,w,12.982681
7,270742,1024,w,12.982681
8,450550,1024,w,12.989234
9,450550,1024,w,12.989234
0,304364,3584,w,13.028556
8,146350,512,w,13.028556
1,55794,3072,w,13.028556
9,31882,512,w,13.028556
0,304371,3584,w,13.080986
1,240840,3072,w,13.080986
10,618509,512,r,13.094092
1,55800,3072,r,13.139967
10,618510,8192,r,13.172736
0,304378,3584,w,13.185843
1,55800,3072,w,13.185843
0,304385,3584,w,13.434880
1,55800,3072,w,13.434880
0,304392,3584,w,13.461094
1,240840,3072,w,13.461094
1,55818,3072,r,13.500415
0,304399,3584,w,13.539737
1,55818,3072,w,13.539737
13,591387,3072,r,13.631487
0,304406,3584,w,13.644595
13,591387,3072,w,13.644595
14,591387,3072,w,13.644595
10,618898,512,r,13.690470
10,618865,512,r,13.749452
0,304413,3584,w,14.077133
13,591387,3072,w,14.077133
14,591387,3072,w,14.077133
10,618366,512,r,14.077133
0,304420,3584,w,14.096793
1,55818,3072,w,14.103346
0,304427,3584,w,14.109900
13,753921,3072,w,14.109900
14,753921,3072,w,14.116454
0,304434,3584,w,14.136115
1,240840,3072,w,14.136115
10,618367,8192,r,14.162329
1,55824,3072,r,14.175436
0,304441,3584,w,14.214758
1,55824,3072,w,14.214758
10,617959,512,r,14.313062
13,591393,3072,r,14.358937
0,304448,3584,w,14.411366
13,591393,3072,w,14.411366
14,591393,3072,w,14.411366
0,304455,3584,w,14.496562
1,55824,3072,w,14.496562
0,304462,3584,w,14.516223
1,240840,3072,w,14.516223
0,304469,3584,w,14.535884
13,591393,3072,w,14.535884
14,591393,3072,w,14.535884
0,304476,3584,w,14.562099
13,753921,3072,w,14.562099
14,753921,3072,w,14.568653
1,55830,3072,r,14.575206
0,304483,3584,w,14.614527
1,55830,3072,w,14.614527
10,618722,512,r,14.647295
10,618093,1024,r,14.902886
0,304490,3584,w,15.007743
1,55830,3072,w,15.007743
0,304497,3584,w,15.020851
1,240840,3072,w,15.020851
10,618223,512,r,15.060173
1,55836,3072,r,15.066726
0,304504,3584,w,15.112601
1,55836,3072,w,15.112601
10,618212,512,r,15.296102
0,304511,3584,w,15.368191
1,55836,3072,w,15.368191
0,304518,3584,w,15.387852
1,240840,3072,w,15.387852
1,55842,3072,r,15.427174
0,304525,3584,w,15.479602
1,55842,3072,w,15.479602
0,304532,3584,w,15.840051
1,55842,3072,w,15.840051
10,619053,512,r,15.846605
0,304539,3584,w,15.872818
1,240840,3072,w,15.872818
0,304546,3584,w,15.892479
2,206094,3072,w,15.892479
3,817797,3072,w,15.892479
1,55848,3072,r,15.931801
0,304553,3584,w,15.931801
2,206100,3072,w,15.931801
3,817803,3072,w,15.931801
0,304560,3584,w,15.951462
2,361650,3072,w,15.951462
3,973353,3072,w,15.951462
0,304567,3584,w,15.977676
2,361644,3072,w,15.977676
3,973347,3072,w,15.977676
0,304574,3584,w,15.990783
1,55848,3072,w,15.990783
4,840315,12288,w,16.056320
2,16601,512,w,16.102195
3,285602,512,w,16.102195
5,140976,3072,w,16.102195
4,211197,3072,w,16.102195
2,878241,1024,w,16.102195
3,1002255,1024,w,16.102195
6,725322,512,w,16.108749
2,206094,3072,w,16.108749
3,817797,3072,w,16.108749
4,760113,512,w,16.108749
0,304581,12288,w,16.108749
4,840315,512,w,16.226713
0,304605,1536,w,16.279142
2,878241,1024,w,16.279142
3,1002255,1024,w,16.279142
4,840815,12288,w,16.285696
0,304608,3584,w,16.311910
1,55848,3072,w,16.311910
0,304615,3584,w,16.325017
1,240840,3072,w,16.325017
1,269742,1024,w,16.338125
7,270744,1024,w,16.338125
2,18046,512,w,16.344678
3,287047,512,w,16.357786
5,140982,3072,w,16.357786
4,211203,3072,w,16.357786
2,878243,1024,w,16.357786
3,1002257,1024,w,16.357786
6,725323,512,w,16.357786
2,206100,3072,w,16.357786
3,817803,3072,w,16.357786
4,760114,512,w,16.357786
0,304622,12288,w,16.364339
1,55854,3072,r,16.370893
1,269742,1024,r,16.390554
0,304646,1536,w,16.397108
2,878241,1024,w,16.397108
3,1002255,1024,w,16.397108
0,304649,3584,w,16.423320
1,55854,3072,w,16.423320
0,304656,3584,w,16.456089
2,206106,3072,w,16.456089
3,817809,3072,w,16.456089
4,840815,512,w,16.475749
0,304663,1536,w,16.541286
2,878243,1024,w,16.541286
3,1002257,1024,w,16.541286
8,146550,2560,w,16.547840
9,32082,2560,w,16.554393
0,304666,3584,w,16.554393
2,361644,3072,w,16.554393
3,973347,3072,w,16.554393
1,269742,1024,w,16.574054
7,270744,1024,w,16.574054
8,450552,1024,w,16.574054
9,450552,1024,w,16.574054
8,146550,512,w,16.626483
9,32082,512,w,16.626483
1,269744,1024,w,16.646144
7,270746,1024,w,16.646144
1,269744,1024,r,16.659252
0,304673,1536,w,16.659252
2,878243,1024,w,16.659252
3,1002257,1024,w,16.659252
0,304676,3584,w,16.692018
1,55854,3072,w,16.692018
4,841315,14336,w,16.698572
0,304683,3584,w,16.731340
1,240840,3072,w,16.731340
5,140988,3072,w,16.744447
4,211209,3072,w,16.744447
2,878245,1024,w,16.744447
3,1002259,1024,w,16.744447
1,55950,3072,w,16.744447
2,206106,3072,w,16.751001
3,817809,3072,w,16.751001
4,760114,512,w,16.751001
0,304690,14336,w,16.751001
8,146150,2560,w,16.764108
9,31682,2560,w,16.764108
1,269744,1024,w,16.783769
7,270746,1024,w,16.783769
8,450554,1024,w,16.783769
9,450554,1024,w,16.783769
1,55860,3072,r,16.796876
8,146150,512,w,16.868967
9,31682,512,w,16.868967
4,841315,512,w,16.868967
0,304718,3584,w,16.901735
1,55860,3072,w,16.901735
0,304725,1536,w,16.921394
2,878245,1024,w,16.921394
3,1002259,1024,w,16.921394
1,269746,1024,w,16.967269
7,270748,1024,w,16.967269
0,304728,1536,w,17.000038
1,269746,1024,r,17.000038
2,878245,1024,w,17.000038
3,1002259,1024,w,17.006591
8,146350,2560,w,17.111450
9,31882,2560,w,17.118003
1,269746,1024,w,17.137664
7,270748,1024,w,17.137664
8,450556,1024,w,17.137664
9,450556,1024,w,17.137664
8,146350,512,w,17.183538
9,31882,512,w,17.183538
0,304731,3584,w,17.196645
2,206112,3072,w,17.196645
3,817815,3072,w,17.196645
0,304738,3584,w,17.255628
2,361644,3072,w,17.255628
3,973347,3072,w,17.255628
0,304745,3584,w,17.373594
1,55860,3072,w,17.373594
4,840315,28160,w,17.380147
0,304752,3584,w,17.412914
1,240840,3072,w,17.412914
1,55866,3072,r,17.458789
2,18023,512,w,17.465343
3,287024,512,w,17.465343
2,18062,512,w,17.465343
3,287063,512,w,17.465343
5,140994,3072,w,17.465343
4,211215,3072,w,17.465343
2,878247,1024,w,17.465343
3,1002261,1024,w,17.471897
13,591399,3072,w,17.471897
14,591399,3072,w,17.471897
1,55956,3072,w,17.471897
13,591405,3072,w,17.471897
14,591405,3072,w,17.471897
0,304759,28160,w,17.471897
0,304814,3584,w,17.517772
1,55866,3072,w,17.517772
1,55962,3072,w,17.550540
1,55968,3072,w,17.550540
2,206112,3072,w,17.550540
3,817815,3072,w,17.550540
4,760114,512,w,17.550540
4,840315,512,w,17.609523
13,591399,3072,r,17.661953
0,304821,1536,w,17.661953
2,878247,1024,w,17.661953
3,1002261,1024,w,17.668504
0,304824,3584,w,17.688165
13,591399,3072,w,17.688165
14,591399,3072,w,17.688165
1,269748,1024,w,17.720933
7,270750,1024,w,17.720933
1,269748,1024,r,17.760255
0,304831,1536,w,17.760255
2,878247,1024,w,17.766809
3,1002261,1024,w,17.766809
0,304834,3584,w,17.773363
13,591399,3072,w,17.779916
14,591399,3072,w,17.779916
0,304841,3584,w,17.799577
13,753921,3072,w,17.799577
14,753921,3072,w,17.799577
8,146550,2560,w,17.871667
9,32082,2560,w,17.871667
1,269748,1024,w,17.897882
7,270750,1024,w,17.897882
8,450558,1024,w,17.897882
9,450558,1024,w,17.897882
0,304848,3584,w,17.924095
1,55866,3072,w,17.924095
8,146550,512,w,17.943756
9,32082,512,w,17.943756
0,304855,3584,w,17.956863
1,240840,3072,w,17.956863
13,591405,3072,r,17.983078
1,55872,3072,r,18.002738
0,304862,3584,w,18.015846
13,591405,3072,w,18.022399
14,591405,3072,w,18.022399
0,304869,3584,w,18.042060
1,55872,3072,w,18.048614
0,304876,3584,w,18.133811
13,591405,3072,w,18.133811
14,591405,3072,w,18.133811
0,304883,3584,w,18.153472
13,753921,3072,w,18.153472
14,753921,3072,w,18.153472
0,304890,3584,w,18.422168
1,55872,3072,w,18.422168
0,304897,3584,w,18.441829
1,240840,3072,w,18.441829
1,55878,3072,r,18.481151
0,304904,3584,w,18.527027
1,55878,3072,w,18.527027
0,304911,3584,w,18.795724
1,55878,3072,w,18.795724
0,304918,3584,w,18.821939
1,240840,3072,w,18.821939
1,55884,3072,r,18.861261
0,304925,3584,w,18.907136
1,55884,3072,w,18.907136
0,304932,3584,w,19.195493
1,55884,3072,w,19.195493
0,304939,3584,w,19.215154
1,240840,3072,w,19.221708
1,55890,3072,r,19.274137
0,304946,3584,w,19.320013
1,55890,3072,w,19.320013
0,304953,3584,w,19.785318
1,55890,3072,w,19.785318
0,304960,3584,w,19.811533
1,240840,3072,w,19.811533
1,55896,3072,r,19.850854
11,62832,2560,w,19.877069
6,253140,2048,w,19.877069
0,304967,3584,w,19.890176
1,55896,3072,w,19.890176
6,253140,2048,r,20.191640
9,20506,512,r,20.217855
15,327183,6144,w,20.925643
15,610735,512,w,20.984626
3,367002,9216,w,21.633434
2,428733,9216,w,21.633434
2,59487,2560,w,21.698968
1,572511,2560,w,21.698968
6,253140,2048,w,21.698968
9,572098,2048,w,21.698968
8,75952,2048,w,21.698968
9,7000,2048,w,21.698968
8,80965,2048,w,21.698968
11,62837,9216,w,21.698968
3,367002,512,w,21.797273
2,428733,512,w,21.797273
9,149730,512,r,21.843149
2,59487,2560,r,21.843149
9,149730,512,w,21.875917
11,62855,3072,w,21.882471
2,59487,2560,w,21.882471
1,572511,2560,w,21.882471
11,205496,1024,w,21.915239
10,258923,512,w,21.915239
10,258923,512,r,21.967666
11,62861,3072,w,21.974220
2,59487,2560,w,21.974220
1,572511,2560,w,21.974220
6,253140,2048,r,21.980773
10,835506,9728,w,22.026649
10,347649,512,w,22.085632
10,108629,4096,w,22.085632
10,258923,512,w,22.085632
10,90542,2048,w,22.085632
10,234342,2048,w,22.085632
11,205498,9728,w,22.085632
10,835506,512,w,22.282239
11,62867,2560,w,22.419866
6,253144,2048,w,22.419866
6,253144,2048,r,22.845850
9,20506,512,r,22.872064
1,55896,3072,r,23.376691
0,304974,3584,w,23.435672
1,55896,3072,w,23.435672
3,367002,9216,w,24.313856
2,428733,9216,w,24.313856
2,59492,2560,w,24.346624
1,572516,2560,w,24.346624
6,253144,2048,w,24.346624
9,572098,2048,w,24.346624
8,75952,2048,w,24.346624
9,7000,2048,w,24.346624
8,80965,2048,w,24.346624
11,62872,9216,w,24.353178
3,367002,512,w,24.444927
2,428733,512,w,24.444927
9,149731,512,r,24.490802
2,59492,2560,r,24.497356
11,62890,2560,w,24.517017
6,253148,2048,w,24.517017
9,149731,512,w,24.530124
11,62895,3072,w,24.536678
2,59492,2560,w,24.536678
1,572516,2560,w,24.536678
11,205517,1024,w,24.556339
10,258924,512,w,24.556339
10,258924,512,r,24.602214
11,62901,3072,w,24.615322
2,59492,2560,w,24.615322
1,572516,2560,w,24.615322
6,253144,2048,r,24.621875
10,90546,2048,r,24.661197
10,835506,9728,w,24.693964
10,347649,512,w,24.752946
10,108637,4096,w,24.759500
10,258924,512,w,24.759500
10,90546,2048,w,24.759500
10,234342,2048,w,24.759500
11,205519,9728,w,24.759500
10,835506,512,w,24.929893
6,253148,2048,r,25.500057
9,20506,512,r,25.526271
15,317651,8192,w,26.430667
1,55896,3072,r,26.463436
15,610287,512,w,26.489650
0,304981,3584,w,26.522418
1,55896,3072,w,26.522418
11,62907,2560,w,26.581401
6,253152,2048,w,26.581401
9,7004,2048,r,26.928743
3,367002,9216,w,26.954956
2,428733,9216,w,26.954956
2,59497,2560,w,26.994277
1,572521,2560,w,26.994277
6,253148,2048,w,27.000831
9,572098,2048,w,27.000831
8,75952,2048,w,27.000831
9,7004,2048,w,27.000831
8,80969,2048,w,27.000831
11,62912,9216,w,27.000831
3,367002,512,w,27.099136
2,428733,512,w,27.099136
9,149732,512,r,27.138458
2,59497,2560,r,27.145011
6,253152,2048,r,27.145011
9,20507,512,r,27.171226
9,149732,512,w,27.184331
11,62930,3072,w,27.190885
2,59497,2560,w,27.190885
1,572521,2560,w,27.190885
11,205538,1024,w,27.210546
10,258925,512,w,27.217100
10,258925,512,r,27.276083
11,62936,3072,w,27.282636
2,59497,2560,w,27.289190
1,572521,2560,w,27.289190
6,253148,2048,r,27.295743
10,234346,2048,r,27.328512
10,835506,9728,w,27.354726
10,347649,512,w,27.413709
10,108645,4096,w,27.413709
10,258925,512,w,27.413709
10,90546,2048,w,27.413709
10,234346,2048,w,27.413709
11,205540,9728,w,27.413709
10,835506,512,w,27.590656
6,3546,1024,r,27.616870
6,3558,1024,r,27.649639
9,572102,2048,r,27.688959
3,367002,11776,w,27.734834
2,428733,11776,w,27.734834
6,253152,2048,w,27.774156
2,59507,2560,w,27.774156
1,572531,2560,w,27.774156
2,59502,2560,w,27.774156
1,572526,2560,w,27.774156
9,572102,2048,w,27.774156
8,75956,2048,w,27.780710
9,7004,2048,w,27.780710
8,80969,2048,w,27.780710
11,62942,11776,w,27.780710
3,367002,512,w,27.846246
2,428733,512,w,27.846246
9,25887,512,r,27.879015
2,59502,2560,r,27.885568
9,149733,3072,w,27.918336
11,62965,3072,w,27.931444
2,59502,2560,w,27.931444
1,572526,2560,w,27.931444
2,59507,2560,r,27.957656
9,445665,512,w,27.964210
0,304988,4608,w,28.023193
3,4203,4096,w,28.023193
2,612639,4096,w,28.023193
9,149733,3072,w,28.023193
3,4203,4096,r,28.062515
9,25887,512,r,28.062515
11,62971,3072,w,28.069068
2,59502,2560,w,28.069068
1,572526,2560,w,28.075622
5,22365,512,r,28.088729
9,25887,512,w,28.088729
9,149733,512,r,28.108390
10,85578,512,r,28.114944
9,149733,512,w,28.141159
2,19958,512,r,28.154266
10,85578,512,w,28.187032
4,837815,13312,w,28.272230
2,20697,512,w,28.318105
3,289698,512,w,28.318105
2,19958,512,w,28.324659
3,288959,512,w,28.324659
5,141000,3072,w,28.324659
4,211221,3072,w,28.324659
2,878249,1024,w,28.324659
3,1002263,1024,w,28.324659
6,725324,512,w,28.324659
3,4203,4096,w,28.324659
2,612639,4096,w,28.324659
0,304997,13312,w,28.324659
4,837815,512,w,28.442623